ID	oldPatchID	patchType	distance_m	xcor	ycor	size_sqm	quantityPollen_g	Concentration	quantityNectar_l	calc_DetectProb	model_DetectProb	NectarGathering_s	PollenGathering_s	startDay	stopDay	ETOX_ApplicationList_patch	ETOX_ExposurePeriodsList_patch	ETOX_PPPConcNectar_patch	ETOX_PPPConcPollen_patch	ETOX_PPPContact_patch	ETOX_WaterVolume_patch	ETOX_WaterConc_patch	ETOX_RUD_patch
0	0	"YellowField"	3775	-3437.5	2062.5	321289	803.222	1.5	160.644	0.0005	0.00007	1200	600	121	179	[]	[]	990	26631	0.3	10000	0	21
1	1	"YellowField"	4004.5	-3156.25	2562.5	2930	7.325	1.5	1.465	0.00004	0.00005	1200	600	121	179	[]	[]	990	26631	0.3	10000	0	21
2	2	"BlueField"	2378.7	-468.75	2562.5	115234	230.468	1.5	14.404	0.00209	0.00194	1200	600	30	302	[]	[]	990	26631	0.3	10000	0	21
3	3	"YellowField"	3103	1812.5	2468.75	79102	197.755	1.5	39.551	0.00062	0.00177	1200	600	121	179	[]	[]	990	26631	0.3	10000	0	21
4	4	"RedField"	3597.1	-3125	1906.25	19531	195.31	2	2.441	0.00016	0.00034	1200	600	100	248	[121]	[58]	990	26631	0.3	10000	0	21
5	5	"YellowField"	3731.5	-3906.25	1843.75	250977	627.442	1.5	125.488	0.00047	0	1200	600	121	179	[]	[]	990	26631	0.3	10000	0	21
6	6	"YellowField"	3481.7	-3437.5	1531.25	67383	168.457	1.5	33.691	0.00034	0.00025	1200	600	121	179	[]	[]	990	26631	0.3	10000	0	21
7	7	"RedField"	2170.7	-1343.75	2000	56641	566.41	2	7.08	0.002	0.00231	1200	600	100	248	[121]	[58]	990	26631	0.3	10000	0	21
8	8	"BlueField"	2919.8	-2343.75	1968.75	34180	68.36	1.5	4.272	0.00052	0.00152	1200	600	30	302	[]	[]	990	26631	0.3	10000	0	21
9	9	"RedField"	2420.8	-1625	1812.5	41992	419.92	2	5.249	0.00119	0.00226	1200	600	100	248	[121]	[58]	990	26631	0.3	10000	0	21
10	10	"RedField"	1554	-968.75	1687.5	153320	1533.2	2	19.165	0.00874	0.00989	1200	600	100	248	[121]	[58]	990	26631	0.3	10000	0	21
11	11	"BlueField"	2590	-1843.75	1812.5	977	1.954	1.5	0.122	0.00014	0.00042	1200	600	30	302	[]	[]	990	26631	0.3	10000	0	21
12	12	"RedField"	3331.9	3281.25	1343.75	139648	1396.48	2	17.456	0.0006	0.00138	1200	600	100	248	[121]	[58]	990	26631	0.3	10000	0	21
13	13	"YellowField"	3258.7	-3218.75	1406.25	147461	368.652	1.5	73.73	0.00068	0.00172	1200	600	121	179	[]	[]	990	26631	0.3	10000	0	21
14	14	"YellowField"	3853.4	-3718.75	1375	35156	87.89	1.5	17.578	0.00015	0.0001	1200	600	121	179	[]	[]	990	26631	0.3	10000	0	21
15	15	"RedField"	1567.5	-750	1312.5	1953	19.53	2	0.244	0.00097	0.00229	1200	600	100	248	[121]	[58]	990	26631	0.3	10000	0	21
16	16	"RedField"	4133.8	-4156.25	1031.25	29297	292.97	2	3.662	0.0001	0.00012	1200	600	100	248	[121]	[58]	990	26631	0.3	10000	0	21
17	17	"RedField"	1312.9	-187.5	1250	5859	58.59	2	0.732	0.00262	0.00713	1200	600	100	248	[121]	[58]	990	26631	0.3	10000	0	21
18	18	"RedField"	3935.5	3562.5	1281.25	1953	19.53	2	0.244	0.00003	0.00007	1200	600	100	248	[121]	[58]	990	26631	0.3	10000	0	21
19	19	"YellowField"	932.3	-500	968.75	137695	344.237	1.5	68.847	0.02633	0.0473	1200	600	121	179	[]	[]	990	26631	0.3	10000	0	21
20	20	"YellowField"	4369	-4937.5	750	210938	527.345	1.5	105.469	0.00019	0.00005	1200	600	121	179	[]	[]	990	26631	0.3	10000	0	21
21	21	"YellowField"	783.7	-125	718.75	14648	36.62	1.5	7.324	0.01211	0.0227	1200	600	121	179	[]	[]	990	26631	0.3	10000	0	21
22	22	"RedField"	375	156.25	281.25	180664	1806.64	2	22.583	0.12199	0.25325	1200	600	100	248	[121]	[58]	990	26631	0.3	10000	0	21
23	23	"RedField"	2933.2	-3062.5	656.25	17578	175.78	2	2.197	0.00037	0.0015	1200	600	100	248	[121]	[58]	990	26631	0.3	10000	0	21
24	24	"BlueField"	4542	4343.75	687.5	977	1.954	1.5	0.122	0.00001	0.0001	1200	600	30	302	[]	[]	990	26631	0.3	10000	0	21
25	25	"YellowField"	927.6	-656.25	656.25	1953	4.882	1.5	0.976	0.00322	0.02206	1200	600	121	179	[]	[]	990	26631	0.3	10000	0	21
26	26	"RedField"	724.8	-250	593.75	5859	58.59	2	0.732	0.00883	0.035	1200	600	100	248	[121]	[58]	990	26631	0.3	10000	0	21
27	27	"RedField"	781.9	-156.25	656.25	977	9.77	2	0.122	0.00315	0.01067	1200	600	100	248	[121]	[58]	990	26631	0.3	10000	0	21
28	28	"BlueField"	783.7	-62.5	656.25	977	1.954	1.5	0.122	0.00314	0.02155	1200	600	30	302	[]	[]	990	26631	0.3	10000	0	21
29	29	"RedField"	3828	-4031.25	250	74219	742.19	2	9.277	0.00023	0.0001	1200	600	100	248	[121]	[58]	990	26631	0.3	10000	0	21
30	30	"RedField"	31.3	-437.5	-156.25	278320	2783.2	2	34.79	0.45151	1	1200	600	100	248	[121]	[58]	990	26631	0.3	10000	0	21
31	31	"RedField"	197.6	531.25	31.25	100586	1005.86	2	12.573	0.19021	0.2717	1200	600	100	248	[121]	[58]	990	26631	0.3	10000	0	21
32	32	"BlueField"	3380.2	-3687.5	62.5	138672	277.344	1.5	17.334	0.00056	0.00076	1200	600	30	302	[]	[]	990	26631	0.3	10000	0	21
33	33	"RedField"	69.9	-312.5	-656.25	126953	1269.53	2	15.869	0.36554	0.43764	1200	600	100	248	[121]	[58]	990	26631	0.3	10000	0	21
34	34	"RedField"	786.9	656.25	-281.25	13672	136.72	2	1.709	0.01162	0.0409	1200	600	100	248	[121]	[58]	990	26631	0.3	10000	0	21
35	35	"RedField"	3973.2	-4125	-343.75	18555	185.55	2	2.319	0.00009	0	1200	600	100	248	[121]	[58]	990	26631	0.3	10000	0	21
36	36	"YellowField"	244.1	-343.75	-312.5	6836	17.09	1.5	3.418	0.04647	0.16574	1200	600	121	179	[]	[]	990	26631	0.3	10000	0	21
37	37	"RedField"	504.9	375	-406.25	35156	351.56	2	4.395	0.03862	0.08475	1200	600	100	248	[121]	[58]	990	26631	0.3	10000	0	21
38	38	"BlueField"	4064.4	3968.75	-250	1953	3.906	1.5	0.244	0.00003	0.00007	1200	600	30	302	[]	[]	990	26631	0.3	10000	0	21
39	39	"BlueField"	4110.3	4125	-750	177734	355.468	1.5	22.217	0.00024	0.00012	1200	600	30	302	[]	[]	990	26631	0.3	10000	0	21
40	40	"YellowField"	225.3	0	-437.5	64453	161.132	1.5	32.226	0.14217	0.20485	1200	600	121	179	[]	[]	990	26631	0.3	10000	0	21
41	41	"BlueField"	3237.1	-3906.25	-656.25	354492	708.984	1.5	44.311	0.00109	0.00039	1200	600	30	302	[]	[]	990	26631	0.3	10000	0	21
42	42	"BlueField"	537.6	312.5	-437.5	977	1.954	1.5	0.122	0.00592	0.03665	1200	600	30	302	[]	[]	990	26631	0.3	10000	0	21
43	43	"RedField"	1403.8	1218.75	-531.25	25391	253.91	2	3.174	0.00464	0.00952	1200	600	100	248	[121]	[58]	990	26631	0.3	10000	0	21
44	44	"RedField"	620.3	-781.25	-875	183594	1835.94	2	22.949	0.06153	0.12993	1200	600	100	248	[121]	[58]	990	26631	0.3	10000	0	21
45	45	"BlueField"	1027.9	843.75	-468.75	977	1.954	1.5	0.122	0.00185	0.00694	1200	600	30	302	[]	[]	990	26631	0.3	10000	0	21
46	46	"BlueField"	2935.7	-3312.5	-562.5	138672	277.344	1.5	17.334	0.00103	0.00184	1200	600	30	302	[]	[]	990	26631	0.3	10000	0	21
47	47	"BlueField"	1149	937.5	-562.5	977	1.954	1.5	0.122	0.00146	0.00283	1200	600	30	302	[]	[]	990	26631	0.3	10000	0	21
48	48	"RedField"	1076.2	-1093.75	-687.5	64453	644.53	2	8.057	0.01355	0.04383	1200	600	100	248	[121]	[58]	990	26631	0.3	10000	0	21
49	49	"YellowField"	965.2	1031.25	-656.25	18555	46.387	1.5	9.277	0.00915	0.01852	1200	600	121	179	[]	[]	990	26631	0.3	10000	0	21
50	50	"RedField"	3858.5	3687.5	-750	17578	175.78	2	2.197	0.00011	0.00007	1200	600	100	248	[121]	[58]	990	26631	0.3	10000	0	21
51	51	"RedField"	594.6	-312.5	-750	112305	1123.05	2	14.038	0.05238	0.1137	1200	600	100	248	[121]	[58]	990	26631	0.3	10000	0	21
52	52	"RedField"	3468.9	3406.25	-875	28320	283.2	2	3.54	0.00023	0.00027	1200	600	100	248	[121]	[58]	990	26631	0.3	10000	0	21
53	53	"RedField"	1016.5	812.5	-968.75	65430	654.3	2	8.179	0.01538	0.0305	1200	600	100	248	[121]	[58]	990	26631	0.3	10000	0	21
54	54	"BlueField"	4094.8	4093.75	-812.5	96680	193.36	1.5	12.085	0.00018	0	1200	600	30	302	[]	[]	990	26631	0.3	10000	0	21
55	55	"BlueField"	3374	-3687.5	-937.5	135742	271.484	1.5	16.968	0.00056	0.00002	1200	600	30	302	[]	[]	990	26631	0.3	10000	0	21
56	56	"YellowField"	4411.1	4281.25	-1125	55664	139.16	1.5	27.832	0.00009	0	1200	600	121	179	[]	[]	990	26631	0.3	10000	0	21
57	57	"RedField"	4793.6	-4937.5	-1093.75	25391	253.91	2	3.174	0.00004	0	1200	600	100	248	[121]	[58]	990	26631	0.3	10000	0	21
58	58	"BlueField"	1431.4	1031.25	-968.75	977	1.954	1.5	0.122	0.00087	0.00253	1200	600	30	302	[]	[]	990	26631	0.3	10000	0	21
59	59	"RedField"	1040.2	-687.5	-1000	977	9.77	2	0.122	0.0018	0.01247	1200	600	100	248	[121]	[58]	990	26631	0.3	10000	0	21
60	60	"RedField"	3074.1	2843.75	-1000	13672	136.72	2	1.709	0.00027	0.00042	1200	600	100	248	[121]	[58]	990	26631	0.3	10000	0	21
61	61	"BlueField"	4588.8	-4812.5	-1437.5	160156	320.312	1.5	20.019	0.00012	0	1200	600	30	302	[]	[]	990	26631	0.3	10000	0	21
62	62	"BlueField"	3104	-3250	-1406.25	69336	138.672	1.5	8.667	0.00058	0.00106	1200	600	30	302	[]	[]	990	26631	0.3	10000	0	21
63	63	"RedField"	3350.8	3218.75	-1156.25	50781	507.81	2	6.348	0.00035	0.00017	1200	600	100	248	[121]	[58]	990	26631	0.3	10000	0	21
64	64	"YellowField"	4032.3	-4312.5	-1187.5	222656	556.64	1.5	111.328	0.0003	0.00002	1200	600	121	179	[]	[]	990	26631	0.3	10000	0	21
65	65	"RedField"	1318.8	-500	-1406.25	166992	1669.92	2	20.874	0.01373	0.02509	1200	600	100	248	[121]	[58]	990	26631	0.3	10000	0	21
66	66	"RedField"	2713.5	2375	-1593.75	20508	205.08	2	2.564	0.00054	0.00086	1200	600	100	248	[121]	[58]	990	26631	0.3	10000	0	21
67	67	"RedField"	1593.8	687.5	-1562.5	34180	341.8	2	4.273	0.00388	0.0094	1200	600	100	248	[121]	[58]	990	26631	0.3	10000	0	21
68	68	"RedField"	1411.8	31.25	-1812.5	74219	742.19	2	9.277	0.0078	0.01557	1200	600	100	248	[121]	[58]	990	26631	0.3	10000	0	21
69	69	"BlueField"	4634.8	-4656.25	-1562.5	91797	183.594	1.5	11.475	0.00009	0	1200	600	30	302	[]	[]	990	26631	0.3	10000	0	21
70	70	"YellowField"	4161.1	-4062.5	-1656.25	147461	368.652	1.5	73.73	0.00021	0	1200	600	121	179	[]	[]	990	26631	0.3	10000	0	21
71	71	"RedField"	3717.6	3312.5	-1781.25	21484	214.84	2	2.686	0.00014	0.00005	1200	600	100	248	[121]	[58]	990	26631	0.3	10000	0	21
72	72	"YellowField"	3891.6	-3781.25	-2031.25	88867	222.167	1.5	44.433	0.00023	0.00012	1200	600	121	179	[]	[]	990	26631	0.3	10000	0	21
73	73	"YellowField"	3331.5	3093.75	-2218.75	188477	471.192	1.5	94.238	0.0007	0.00037	1200	600	121	179	[]	[]	990	26631	0.3	10000	0	21
74	74	"RedField"	1931.7	-31.25	-2093.75	86914	869.14	2	10.864	0.00357	0.00344	1200	600	100	248	[121]	[58]	990	26631	0.3	10000	0	21
75	75	"YellowField"	3623	-3062.5	-2468.75	218750	546.875	1.5	109.375	0.00051	0.00079	1200	600	121	179	[]	[]	990	26631	0.3	10000	0	21
76	76	"RedField"	2504.9	1218.75	-2312.5	66406	664.06	2	8.301	0.00132	0.00098	1200	600	100	248	[121]	[58]	990	26631	0.3	10000	0	21
77	77	"RedField"	3840.2	3312.5	-2468.75	132813	1328.13	2	16.602	0.0003	0.00002	1200	600	100	248	[121]	[58]	990	26631	0.3	10000	0	21
78	78	"RedField"	4933.3	-4656.25	-2468.75	45898	458.98	2	5.737	0.00004	0	1200	600	100	248	[121]	[58]	990	26631	0.3	10000	0	21
79	79	"YellowField"	3513.9	2718.75	-2406.25	36133	90.332	1.5	18.066	0.00024	0.00005	1200	600	121	179	[]	[]	990	26631	0.3	10000	0	21
80	80	"BlueField"	3363.4	2375	-2375	977	1.954	1.5	0.122	0.00005	0.00005	1200	600	30	302	[]	[]	990	26631	0.3	10000	0	21
81	81	"RedField"	4379.1	3781.25	-2625	86914	869.14	2	10.864	0.00012	0	1200	600	100	248	[121]	[58]	990	26631	0.3	10000	0	21
82	82	"RedField"	3661.1	2687.5	-2468.75	977	9.77	2	0.122	0.00003	0.00002	1200	600	100	248	[121]	[58]	990	26631	0.3	10000	0	21
83	83	"YellowField"	3905.1	-3843.75	-2937.5	292969	732.422	1.5	146.484	0.00041	0.00017	1200	600	121	179	[]	[]	990	26631	0.3	10000	0	21
84	84	"RedField"	3343.9	2156.25	-2687.5	86914	869.14	2	10.864	0.00047	0.00034	1200	600	100	248	[121]	[58]	990	26631	0.3	10000	0	21
85	85	"YellowField"	2594.5	-531.25	-2906.25	141602	354.005	1.5	70.801	0.00169	0.00121	1200	600	121	179	[]	[]	990	26631	0.3	10000	0	21
86	86	"RedField"	2851.1	875	-2875	191406	1914.06	2	23.926	0.00136	0.00061	1200	600	100	248	[121]	[58]	990	26631	0.3	10000	0	21
87	87	"YellowField"	4637	-4250	-2906.25	162109	405.272	1.5	81.054	0.00012	0	1200	600	121	179	[]	[]	990	26631	0.3	10000	0	21
88	88	"RedField"	3333.4	-2218.75	-2843.75	9766	97.66	2	1.221	0.00016	0.00052	1200	600	100	248	[121]	[58]	990	26631	0.3	10000	0	21
89	89	"BlueField"	5279.4	-4687.5	-2812.5	115234	230.468	1.5	14.404	0.00004	0	1200	600	30	302	[]	[]	990	26631	0.3	10000	0	21
90	90	"BlueField"	4158	-3406.25	-3062.5	66406	132.812	1.5	8.301	0.00014	0.00002	1200	600	30	302	[]	[]	990	26631	0.3	10000	0	21
91	91	"YellowField"	2945.5	-1187.5	-3062.5	291992	729.98	1.5	145.996	0.00147	0.00108	1200	600	121	179	[]	[]	990	26631	0.3	10000	0	21
92	92	"RedField"	3279.9	1500	-3406.25	162109	1621.09	2	20.264	0.00069	0.00007	1200	600	100	248	[121]	[58]	990	26631	0.3	10000	0	21
93	93	"RedField"	3494.7	-2250	-3031.25	94727	947.27	2	11.841	0.0004	0.00042	1200	600	100	248	[121]	[58]	990	26631	0.3	10000	0	21
94	94	"BlueField"	4593.3	-3812.5	-3187.5	135742	271.484	1.5	16.968	0.00011	0	1200	600	30	302	[]	[]	990	26631	0.3	10000	0	21
95	95	"BlueField"	5133.1	4062.5	-3093.75	977	1.954	1.5	0.122	0	0	1200	600	30	302	[]	[]	990	26631	0.3	10000	0	21
96	96	"RedField"	3807	-2593.75	-3593.75	212891	2128.91	2	26.611	0.00039	0.00017	1200	600	100	248	[121]	[58]	990	26631	0.3	10000	0	21
97	97	"YellowField"	4309	-3625	-3500	275391	688.477	1.5	137.695	0.00023	0.00002	1200	600	121	179	[]	[]	990	26631	0.3	10000	0	21
98	98	"YellowField"	3066.5	-312.5	-3218.75	217773	544.432	1.5	108.886	0.00108	0.0001	1200	600	121	179	[]	[]	990	26631	0.3	10000	0	21
99	99	"RedField"	3241.9	906.25	-3343.75	143555	1435.55	2	17.944	0.00069	0	1200	600	100	248	[121]	[58]	990	26631	0.3	10000	0	21
100	100	"YellowField"	5051.4	-4156.25	-3250	6836	17.09	1.5	3.418	0.00001	0	1200	600	121	179	[]	[]	990	26631	0.3	10000	0	21
101	101	"YellowField"	3297.3	500	-3593.75	304688	761.72	1.5	152.344	0.00093	0.00034	1200	600	121	179	[]	[]	990	26631	0.3	10000	0	21
102	102	"YellowField"	5024.3	-3906.25	-3562.5	14648	36.62	1.5	7.324	0.00002	0	1200	600	121	179	[]	[]	990	26631	0.3	10000	0	21
103	103	"YellowField"	3426.8	-1156.25	-3562.5	218750	546.875	1.5	109.375	0.00066	0.00007	1200	600	121	179	[]	[]	990	26631	0.3	10000	0	21
104	104	"YellowField"	3396.1	-812.5	-3750	58594	146.485	1.5	29.297	0.00036	0.00002	1200	600	121	179	[]	[]	990	26631	0.3	10000	0	21
105	105	"RedField"	3652.1	1343.75	-3468.75	9766	97.66	2	1.221	0.0001	0	1200	600	100	248	[121]	[58]	990	26631	0.3	10000	0	21
106	106	"RedField"	3988.3	-2312.5	-3625	83984	839.84	2	10.498	0.0002	0.00005	1200	600	100	248	[121]	[58]	990	26631	0.3	10000	0	21
107	107	"YellowField"	3480.1	156.25	-3593.75	6836	17.09	1.5	3.418	0.00011	0.00002	1200	600	121	179	[]	[]	990	26631	0.3	10000	0	21
108	108	"RedField"	4255.6	-2593.75	-3843.75	88867	888.67	2	11.108	0.00014	0	1200	600	100	248	[121]	[58]	990	26631	0.3	10000	0	21
109	109	"YellowField"	4973.1	-3718.75	-3781.25	12695	31.737	1.5	6.347	0.00002	0	1200	600	121	179	[]	[]	990	26631	0.3	10000	0	21
110	110	"YellowField"	3597.1	-312.5	-3781.25	42969	107.422	1.5	21.484	0.00023	0	1200	600	121	179	[]	[]	990	26631	0.3	10000	0	21
111	111	"YellowField"	3593.8	-93.75	-3718.75	12695	31.737	1.5	6.347	0.00013	0	1200	600	121	179	[]	[]	990	26631	0.3	10000	0	21
112	112	"RedField"	3866	1218.75	-3750	2930	29.3	2	0.366	0.00004	0	1200	600	100	248	[121]	[58]	990	26631	0.3	10000	0	21
113	113	"YellowField"	3734.6	406.25	-3875	27344	68.36	1.5	13.672	0.00016	0	1200	600	121	179	[]	[]	990	26631	0.3	10000	0	21
114	114	"YellowField"	3850.9	875	-3875	8789	21.972	1.5	4.394	0.00008	0	1200	600	121	179	[]	[]	990	26631	0.3	10000	0	21
